Ex 1:
P1 P1 P1 P1 P3 P3 P3 P3 P1 P1 P1 P1 P1 P4 P4 P4 P4 P4 P2 P2 ...
0  1  2  3  4  5  6  7  8  9  10 11 12 13 14 15 16 17 18 19

P1: 8-0-4 = 4
P2: 18-2 = 16
P3: 0
P4: 13-9 = 4

Average Waiting time = 6

P1: 0
P2: 8
P3: 0
P4: 5

Ex2:
P1 P1 P1 P1 P1 P2 P2 P2 P2 P2 P3 P3 P3 P3 P3 P4 P4 P4 P4 P4 P1 P1 P1 P1 P1 P3 P3 P3 P3 P3 P4 P4 P4 P4 
0  1  2  3  4  5  6  7  8  9  10 11 12 13 14 15 16 17 18 19 20 21 22 23 24 25 26 27 28 29 30 31 32 33
P1 P1 P3
34 35 36

P1: 34 - 5 - 5 = 24
P2: 5
P3: 36 - 5 -5 = 26
P4: 30 - 5 = 25

AWT = 20

P1: 0
P2: 0
P3: 0
P4: 0